file,overlap_tags
